[[[4,3,1],[7,6,4]],
[[5,3,1],[19,15,5]],
[[5,3,3],[3,2,6]],
[[11,6,4],[19,12,8]],
[[29,15,5],[49,30,10]],
[[28,15,10],[26,15,10]],
[[4,3,3],[5,3,3],[1,1,1]],
[[4,3,1],[5,3,4],[3,2,4]],
[[5,3,6],[8,5,5]],
[[4,3,1],[5,3,4],[3,2,4]],
[[5,3,6],[8,5,5]],
[[1,1,2],[4,3,3]],
[[5,3,2],[4,3,5]],
[[1,1,2],[5,3,6]],
[[4,3,2],[5,3,8]],
[[5,3,12]],
[[4,3,2],[5,3,8]],
[[5,3,3],[11,6,6],[5,3,6]],
[[11,6,12],[7,4,8]],
[[29,15,5],[11,6,10],[9,5,10]],
[[28,15,10]],[29,15,10],[9,5,10]],
[[5,3,3],[11,6,6],[5,3,6]],
[[11,6,12],[7,4,8]],
[[29,15,5],[11,6,10],[9,5,10]],
[[28,15,10]],[29,15,10],[9,5,10]],
[[4,3,4],[5,3,4]],
[[5,3,12]],
[[11,6,8],[5,3,8]],
[[11,6,8],[5,3,8]],
[[29,15,10],[5,3,10]],
[[29,15,10],[5,3,10]],
[[29,15,5],[53,30,10],[28,15,10]],
[[29,15,5],[53,30,10],[28,15,10]],
[[28,15,30]],
[[11,6,12],[5,3,6]],
[[11,6,12],[5,3,6]],
[[11,6,24]],
[[29,15,10],[11,6,20]],
[[29,15,10],[11,6,20]],
[[29,15,15],[11,6,10],[28,15,10]],
[[29,15,15],[11,6,10],[28,15,10]],
[[29,15,20],[28,15,10]],
[[29,15,20],[28,15,10]],
[[11,6,18]],
[[11,6,24]],
[[29,15,10],[11,6,20]],
[[29,15,15],[11,6,10],[28,15,10]],
[[29,15,20],[28,15,10]],
[[4,3,7]],
[[3,2,4],[5,3,2],[4,3,2]],
[[5,3,6],[4,3,3]],
[[8,5,6],[53,30,4],[4,3,1]],
[[8,5,2],[53,30,8],[4,3,2]],
[[4,3,1],[11,6,4],[5,3,8]],
[[4,3,2],[11,6,8],[5,3,4]],
[[4,3,2],[11,6,8],[5,3,4]],
[[4,3,3],[11,6,12]],
[[5,3,1],[28,15,5],[9,5,15]],
[[5,3,2],[28,15,10],[9,5,10]],
[[5,3,2],[28,15,10],[9,5,10]],
[[5,3,3],[28,15,15],[9,5,5]],
[[5,3,2],[8,5,6],[23,15,2]],
[[8,5,3],[23,15,6]],
[[1,1,1],[28,15,3],[23,15,3],[8,5,3]],
[[5,3,3],[53,30,6],[23,15,6]],
[[11,6,16],[ 23,12,8],[11,6,4]],
[[11,6,8],[23,12,16],[11,6,8]],
[[29,15,55],[59,30,10]],
[[29,15,50],[59,30,20]],
[[29,15,50],[59,30,20]],
[[29,15,45],[59,30,30]],
[[29,15,60]],
[[29,15,60]],
[[29,15,60]],
[[29,15,60]],
[[19,10,10],[29,15,45]],
[[19,10,10],[29,15,45]],
[[19,10,10],[29,15,45]],
[[19,10,10],[29,15,45]],
[[19,10,20],[29,15,30]],
[[19,10,20],[29,15,30]],
[[19,10,20],[29,15,30]],
[[19,10,30],[29,15,15]],
[[5,3,4],[4,3,4]],
[[11,6,8],[5,3,8]],
[[3,2,4],[5,3,4],[4,3,2]],
[[11,6,2],[3,2,2],[5,3,6],[4,3,1]],
[[11,16,4],[4,3,2],[5,3,6]],
[[5,3,10],[11,6,4]],
[[5,3,8],[11,6,8]],
[[23,15,4],[28,15,2],[53,30,8]],
[[8,5,3],[28,15,3],[53,30,6],[11,6,6]]]
