    [[4,3,1],[7,6,4]],
    [[5,3,1],[19,15,5]],
    [[5,3,3],[3,2,6]],
    [[11,6,4],[19,12,8]],
    [[13,12,4],[49,30,10]],
    [[28,15,10],[26,15,10]],
    [[5,3,6],[1,1,1]],
    [[4,3,1],[5,3,4],[3,2,4]],
    [[5,3,1],[5,3,5],[8,5,5]],
    [[4,3,1],[5,3,4],[7,6,4]],
    [[5,3,1],[5,3,5],[19,15,5]],
    [[1,1,2],[4,3,3]],
    [[5,3,2],[4,3,5]],
    [[1,1,2],[5,3,6]],
    [[4,3,2],[7,6,8]],
    [[5,3,2],[5,3,10]],
    [[4,3,2],[5,3,8]],
    [[5,3,3],[11,6,6],[5,3,6]],
    [[11,6,4],[11,6,8],[7,4,8]],
    [[29,15,5],[11,6,10],[9,5,10]],
    [[28,15,5],[28,15,5],[29,15,10],[9,5,10]],
    [[5,3,3],[11,6,6],[5,3,6]],
    [[11,6,4],[11,6,8],[7,4,8]],
    [[9,5,10],[11,6,10],[29,15,5]],
    [[9,5,10],[29,15,10],[28,15,5]],
    [[5,2,8]],
    [[5,3,6],[5,3,6]],
    [[11,6,8],[5,3,8]],
    [[11,6,4],[5,3,12]],
    [[29,15,10],[5,3,10]],
    [[29,15,10],[5,3,10]],
    [[29,15,5],[53,30,10],[28,15,10],[28,15,5]],
    [[29,15,5],[53,30,10],[19,15,10],[19,15,5]],
    [[28,15,10],[28,15,20],[28,15,10]],
    [[11,6,12],[5,3,6]],
    [[5,3,6],[11,6,12]],
    [[11,6,16],[11,6,8]],
    [[29,15,10],[11,6,20]],
    [[29,15,10],[11,6,20]],
    [[29,15,5],[11,6,10],[29,15,10],[28,15,10],[28,15,5]],
    [[29,15,5],[11,6,10],[29,15,10],[28,15,10],[28,15,5]],
    [[28,15,5],[28,15,10],[29,15,10],[29,15,10],[28,15,10],[28,15,5]],
    [[28,15,5],[28,15,10],[29,15,10],[29,15,10],[28,15,5]],
    [[5,3,3],[11,6,6],[11,6,6],[5,3,3]],
    [[11,6,4],[11,6,8],[11,6,8],[11,6,4]],
    [[29,15,5],[11,6,8],[11,6,8],[29,15,6]],
    [[28,15,5],[85,15,10],[29,15,10],[11,6,10],[29,15,5]],
    [[28,15,5],[28,15,10],[29,15,5],[29,15,5],[28,15,5]],
    [[4,3,2],[3,2,4],[4,3,1]],
    [[3,2,4],[5,3,2],[4,3,2]],
    [[5,3,2],[4,3,2],[5,3,4],[4,3,1]],
    [[8,5,3],[8,5,3],[53,30,4],[4,3,1]],
    [[4,3,1],[53,30,4],[8,5,2],[53,30,4],[4,3,1]],
    [[4,3,1],[11,6,4],[5,3,4],[5,3,4]],
    [[4,3,1],[11,6,4],[5,3,4],[11,6,4],[4,3,1]],
    [[4,3,1],[11,6,4],[11,6,4],[5,3,4]],
    [[4,3,3],[11,6,12]],
    [[5,3,1],[28,15,6],[9,5,14]],
    [[4,3,2],[28,15,10],[9,5,10]],
    [[5,3,2],[28,15,10],[9,5,10]],
    [[5,3,3],[28,15,10],[9,5,10]],
    [[17,10,2],[8,5,6],[5,3,2]],
    [[23,15,3],[23,15,3],[8,5,3]],
    [[1,1,1],[28,15,3],[23,15,3],[8,5,3]],
    [[5,3,3],[11,6,6],[23,15,3],[23,15,3]],
    [[9,3,8],[9,3,4],[3,2,8],[11,6,4]],
    [[9,3,12],[3,2,12],[11,6,8]],
    [[29,15,35],[59,30,10],[29,15,5]],
    [[29,15,10],[59,30,20],[29,15,40]],
    [[29,15,10],[59,30,20],[29,15,40]],
    [[29,15,30],[29,15,15],[59,30,30]],
    [[29,15,60]],
    [[29,15,60]],
    [[29,15,60]],
    [[29,15,60]],
    [[19,10,10],[29,15,45]],
    [[19,10,10],[29,15,45]],
    [[19,10,10],[29,15,45]],
    [[19,10,10],[29,15,45]],
    [[19,10,20],[29,15,30]],
    [[19,10,20],[29,15,30]],
    [[19,10,20],[29,15,30]],
    [[19,10,30],[29,15,15]],
    [[5,3,2],[4,3,6]],
    [[11,6,8],[5,3,8]],
    [[3,2,4],[5,3,5],[4,3,1]],
    [[5,3,5],[4,3,2],[11,6,2],[3,2,2]],
    [[11,16,4],[2,3,2],[4,3,4],[5,3,4]],
    [[7,3,4],[5,3,6],[11,6,4]],
    [[5,3,4],[11,6,8],[7,6,4]],
    [[28,15,6],[53,30,8]],
    [[11,6,6],[8,5,3],[53,30,6],[28,15,3]]
